0.540,0.470,0.520,||,1.889,1.259,96.851,0,0,||,kworker/u8:2-events_unbound,4141558,0.625,||,1592213504,222584832,200781824,182771712,2094596096,||,Suricata-Main,1941761,323047424.0,||,0,0,12,||,191,||,19212,17720,||,2024-01-01 10:08:09,||,1086313.75,||,0,447,running,||,52
0.210,0.370,0.480,||,1.765,1.639,96.595,0,0,||,kworker/u8:2-uext_wq,4141558,0.5,||,1617952768,192843776,203476992,156368896,2094596096,||,Suricata-Main,1941761,323006464.0,||,0,0,6.500,||,192,||,21080,15276,||,2024-01-01 10:10:10,||,1086434.73,||,0,449,running,||,52
0.480,0.380,0.460,||,1.508,1.759,96.734,0,0,||,utmdaemon,4188977,0.5,||,1601626112,201875456,211099648,168472576,2094596096,||,Suricata-Main,1941761,324374528.0,||,0,0,6.500,||,191,||,19472,13472,||,2024-01-01 10:12:09,||,1086554.10,||,0,447,running,||,52
0.430,0.440,0.480,||,2.405,1.646,95.443,0.506,0,||,ubios-udapi-ser,2534,0.75,||,1605808128,211333120,197681152,172195840,2094596096,||,Suricata-Main,1941761,322977792.0,||,0,0,5.500,||,191,||,90924,78380,||,2024-01-01 10:14:10,||,1086674.51,||,0,447,running,||,52
0.490,0.480,0.490,||,2.020,0.505,97.475,0,0,||,kworker/u8:0-uext_wq,4150481,0.5,||,1591795712,207228928,216129536,174309376,2094596096,||,Suricata-Main,1941761,322895872.0,||,0,0,4,||,189,||,17504,9852,||,2024-01-01 10:16:10,||,1086794.57,||,0,447,running,||,53
0.620,0.580,0.520,||,2.146,1.136,96.717,0,0,||,ubios-udapi-ser,2534,0.5,||,1608392704,183341056,222576640,159330304,2094596096,||,Suricata-Main,1941761,322805760.0,||,0,0,5.500,||,191,||,47880,15096,||,2024-01-01 10:18:10,||,1086914.52,||,0,447,running,||,52
0.410,0.510,0.510,||,1.880,1.504,96.366,0.251,0,||,node,8612,0.625,||,1598332928,207011840,209264640,172924928,2094596096,||,Suricata-Main,1941761,323833856.0,||,0,0,5,||,191,||,21736,17400,||,2024-01-01 10:20:09,||,1087034.27,||,0,449,running,||,53
0.700,0.530,0.510,||,2.408,1.267,96.198,0.127,0,||,unifi-network-b,5967,0.875,||,1591984128,240336896,183275520,189939712,2094596096,||,Suricata-Main,1941761,323215360.0,||,0,0,7.500,||,190,||,83576,19744,||,2024-01-01 10:22:09,||,1087153.90,||,0,447,running,||,53
0.460,0.550,0.520,||,1.010,2.273,96.086,0.631,0,||,ubnt_monitor,5886,0.75,||,1602101248,196329472,214867968,165928960,2094596096,||,Suricata-Main,1941761,322564096.0,||,0,0,5.500,||,188,||,13616,7048,||,2024-01-01 10:24:10,||,1087274.29,||,0,447,running,||,52
0.480,0.520,0.520,||,3.019,1.384,95.346,0.252,0,||,kworker/u8:4-events_unbound,4130429,0.625,||,1592537088,213422080,209412096,177094656,2094596096,||,Suricata-Main,1941761,323751936.0,||,0,0,6,||,188,||,47680,14760,||,2024-01-01 10:26:10,||,1087394.66,||,0,447,running,||,53
0.750,0.620,0.550,||,1.509,1.384,97.107,0,0,||,kworker/u8:2-wg-kex-tlprt0,4141558,0.5,||,1590845440,249139200,175906816,194367488,2094596096,||,Suricata-Main,1941761,322478080.0,||,0,0,5,||,190,||,16760,9644,||,2024-01-01 10:28:09,||,1087514.16,||,0,447,running,||,52
0.770,0.600,0.550,||,1.768,1.641,96.591,0,0,||,unifi-network-b,5967,0.625,||,1603469312,194555904,216489984,165416960,2094596096,||,Suricata-Main,1941761,323792896.0,||,0,0,5.500,||,190,||,48008,13776,||,2024-01-01 10:30:09,||,1087634.10,||,0,449,running,||,53
0.640,0.560,0.540,||,1.020,0.510,98.469,0,0,||,kworker/u8:4-uext_wq,4130429,0.5,||,1585881088,219004928,210726912,182263808,2094596096,||,Suricata-Main,1941761,323633152.0,||,0,0,5.500,||,187,||,26032,25644,||,2024-01-01 10:32:09,||,1087753.75,||,0,447,running,||,53
0.470,0.570,0.540,||,1.637,0.882,97.481,0,0,||,ubios-udapi-ser,2534,0.5,||,1593413632,211308544,211070976,177336320,2094596096,||,Suricata-Main,1941761,322953216.0,||,0,0,5.500,||,187,||,13720,9904,||,2024-01-01 10:34:09,||,1087874.14,||,0,447,running,||,52
0.440,0.550,0.540,||,1.014,1.267,97.719,0,0,||,kworker/u8:2-uext_wq,4141558,0.5,||,1600360448,197107712,218132480,168366080,2094596096,||,Suricata-Main,1941761,323346432.0,||,0,0,6.500,||,190,||,13872,8320,||,2024-01-01 10:36:09,||,1087994.19,||,0,447,running,||,53
0.840,0.580,0.550,||,1.013,0.759,98.228,0,0,||,utmdaemon,4188977,0.375,||,1592528896,240410624,183070720,191537152,2094596096,||,Suricata-Main,1941761,323121152.0,||,1,0,6,||,190,||,12864,7880,||,2024-01-01 10:38:09,||,1088113.80,||,0,447,running,||,53
0.550,0.570,0.550,||,1.635,1.006,97.358,0,0,||,utmdaemon,4188977,0.25,||,1599688704,210038784,205094912,173895680,2094596096,||,Suricata-Main,1941761,322895872.0,||,0,0,5,||,190,||,19424,9308,||,2024-01-01 10:40:10,||,1088234.56,||,0,449,running,||,53
0.720,0.610,0.560,||,0.883,1.135,97.982,0,0,||,utmdaemon,4188977,0.375,||,1594085376,185212928,235974656,165220352,2094596096,||,Suricata-Main,1941761,322899968.0,||,0,0,4,||,188,||,12920,5904,||,2024-01-01 10:42:09,||,1088354.01,||,0,447,running,||,52
0.780,0.720,0.610,||,2.003,1.252,96.746,0,0,||,kworker/u8:1-uext_wq,4110782,0.5,||,1587589120,224280576,203505664,184942592,2094596096,||,Suricata-Main,1941761,322895872.0,||,1,0,4,||,188,||,14444,7496,||,2024-01-01 10:44:10,||,1088474.50,||,0,447,running,||,53
0.210,0.530,0.550,||,1.629,1.003,97.368,0,0,||,utmdaemon,4188977,0.375,||,1603321856,169005056,243310592,151932928,2094596096,||,Suricata-Main,1941761,322891776.0,||,0,0,4,||,191,||,16688,8156,||,2024-01-01 10:46:10,||,1088594.60,||,0,447,running,||,52
1.220,0.770,0.640,||,4.403,3.019,91.950,0.629,0,||,unifi-network-b,5967,1.375,||,1596129280,188162048,231419904,167092224,2094596096,||,Suricata-Main,1941761,323338240.0,||,0,0,13.500,||,192,||,12424,10968,||,2024-01-01 10:48:09,||,1088714.10,||,0,447,running,||,53
0.330,0.570,0.580,||,1.264,1.011,97.724,0,0,||,kworker/u8:4-wg-kex-tlprt0,4130429,0.625,||,1605070848,181325824,228761600,158048256,2094596096,||,Suricata-Main,1941761,323334144.0,||,0,0,6.500,||,193,||,15912,9700,||,2024-01-01 10:50:10,||,1088834.76,||,0,449,running,||,52
0.860,0.610,0.580,||,1.015,0.635,98.350,0,0,||,kworker/u8:2-uext_wq,4141558,0.5,||,1578827776,250859520,186957824,198864896,2094596096,||,Suricata-Main,1941761,322928640.0,||,0,0,4,||,189,||,17292,8272,||,2024-01-01 10:52:10,||,1088954.28,||,0,447,running,||,52
0.240,0.490,0.540,||,4.309,1.267,94.170,0.253,0,||,unifi-network-b,5967,1.25,||,1601736704,178565120,235462656,159186944,2094596096,||,Suricata-Main,1941761,322854912.0,||,0,0,12,||,191,||,14280,7444,||,2024-01-01 10:54:09,||,1089073.63,||,0,447,running,||,53
0.300,0.500,0.540,||,1.385,1.889,96.725,0,0,||,unifi-network-b,5967,0.5,||,1599410176,202711040,212811776,170504192,2094596096,||,Suricata-Main,1941761,322863104.0,||,0,0,5.500,||,192,||,50472,16400,||,2024-01-01 10:56:10,||,1089194.37,||,0,447,running,||,53
0.970,0.640,0.580,||,2.281,1.141,96.578,0,0,||,kworker/u8:2-uext_wq,4141558,0.5,||,1586360320,179748864,249556992,165634048,2094596096,||,Suricata-Main,1941761,322842624.0,||,0,0,7,||,191,||,49536,20368,||,2024-01-01 10:58:09,||,1089313.83,||,0,447,running,||,53
0.440,0.530,0.550,||,1.509,1.258,97.107,0.126,0,||,utmdaemon,4188977,0.375,||,1588830208,216829952,209027072,181534720,2094596096,||,Suricata-Main,1941761,323960832.0,||,0,0,6.500,||,192,||,17924,10884,||,2024-01-01 11:00:10,||,1089434.80,||,0,449,running,||,53
0.390,0.470,0.520,||,1.266,1.899,96.709,0.127,0,||,kworker/u8:4-uext_wq,4130429,0.5,||,1578586112,239071232,197771264,196816896,2094596096,||,Suricata-Main,1941761,323026944.0,||,0,0,5.500,||,189,||,16964,13148,||,2024-01-01 11:02:10,||,1089554.36,||,0,447,running,||,53
0.300,0.440,0.510,||,1.525,0.889,97.586,0,0,||,utmdaemon,4188977,0.5,||,1591787520,226988032,196304896,184881152,2094596096,||,Suricata-Main,1941761,322813952.0,||,0,0,5,||,192,||,1726560,3195872,||,2024-01-01 11:04:09,||,1089673.86,||,0,447,running,||,53
0.390,0.420,0.490,||,1.267,0.380,98.352,0,0,||,utmdaemon,4188977,0.375,||,1622089728,180150272,212709376,149807104,2094596096,||,Suricata-Main,1941761,323141632.0,||,0,0,5,||,190,||,13136,6608,||,2024-01-01 11:06:09,||,1089794.13,||,0,447,running,||,53
1.090,0.590,0.540,||,1.391,1.517,95.449,1.643,0,||,utmdaemon,4188977,0.5,||,1644056576,178352128,193097728,136515584,2094596096,||,Suricata-Main,1941761,323211264.0,||,0,0,5.500,||,191,||,1253876,2356792,||,2024-01-01 11:08:09,||,1089913.77,||,0,447,running,||,53
0.350,0.470,0.500,||,0.763,1.018,98.092,0.127,0,||,kworker/u8:1-uext_wq,4178676,0.5,||,1644249088,190767104,180297728,139698176,2094596096,||,Suricata-Main,1941761,322437120.0,||,0,0,5,||,192,||,26372,18160,||,2024-01-01 11:10:10,||,1090035.14,||,0,449,running,||,53
0.890,0.550,0.520,||,2.171,0.639,97.190,0,0,||,kworker/u8:4-uext_wq,4130429,0.625,||,1642979328,194539520,179101696,142573568,2094596096,||,Suricata-Main,1941761,323571712.0,||,0,0,7,||,191,||,43328,15184,||,2024-01-01 11:12:09,||,1090153.83,||,0,447,running,||,52
0.440,0.500,0.510,||,5.316,1.899,92.405,0.380,0,||,ubios-udapi-ser,2534,1.375,||,1643257856,192233472,181084160,141570048,2094596096,||,Suricata-Main,1941761,323694592.0,||,1,0,13.500,||,191,||,15752,9144,||,2024-01-01 11:14:10,||,1090274.36,||,0,447,running,||,53
0.770,0.580,0.540,||,2.244,2.120,95.387,0.249,0,||,kworker/u8:2-uext_wq,4189280,0.5,||,1640112128,189198336,187482112,140263424,2094596096,||,Suricata-Main,1941761,323059712.0,||,0,0,6.500,||,191,||,15640,11580,||,2024-01-01 11:16:10,||,1090394.65,||,0,447,running,||,52
0.710,0.650,0.570,||,1.515,1.136,97.222,0.126,0,||,kworker/u8:2-uext_wq,4189280,0.5,||,1641459712,201510912,173166592,147677184,2094596096,||,Suricata-Main,1941761,322940928.0,||,0,0,5,||,190,||,14528,9232,||,2024-01-01 11:18:10,||,1090514.59,||,0,447,running,||,53
0.260,0.500,0.520,||,3.392,3.518,90.075,3.015,0,||,unifi-network-b,5967,0.875,||,1634414592,185221120,195514368,143577088,2094596096,||,Suricata-Main,1941761,323465216.0,||,0,0,11,||,189,||,25544,28052,||,2024-01-01 11:20:10,||,1090634.43,||,0,449,running,||,53
0.690,0.550,0.540,||,1.757,1.631,96.487,0.125,0,||,kworker/u8:2-uext_wq,4189280,0.375,||,1641861120,187707392,185716736,138022912,2094596096,||,Suricata-Main,1941761,322494464.0,||,0,0,6,||,191,||,50672,14828,||,2024-01-01 11:22:09,||,1090754.13,||,0,447,running,||,53
0.870,0.580,0.550,||,1.887,1.635,95.975,0.503,0,||,ubnt_monitor,5886,0.75,||,1646288896,172896256,193507328,131194880,2094596096,||,Suricata-Main,1941761,322461696.0,||,0,0,6.500,||,190,||,20700,14852,||,2024-01-01 11:24:09,||,1090873.63,||,0,447,running,||,53
0.670,0.550,0.540,||,3.435,3.562,91.730,1.272,0,||,unifi-network-b,5967,1.125,||,1615822848,216207360,182968320,166502400,2094596096,||,Suricata-Main,1941761,324739072.0,||,0,0,13.500,||,189,||,17464,12344,||,2024-01-01 11:26:09,||,1090993.93,||,0,447,running,||,53
0.420,0.530,0.530,||,0.761,1.523,97.716,0,0,||,kworker/u8:1-events_unbound,4178676,0.5,||,1615736832,210190336,188465152,166731776,2094596096,||,Suricata-Main,1941761,323690496.0,||,0,0,6.500,||,190,||,20848,16588,||,2024-01-01 11:28:10,||,1091114.45,||,0,447,running,||,53
0.140,0.390,0.480,||,1.777,2.030,92.893,3.299,0,||,unifi-network-b,5967,0.75,||,1648103424,189235200,178294784,136531968,2094596096,||,Suricata-Main,1941761,322617344.0,||,1,0,5,||,189,||,83200,24648,||,2024-01-01 11:30:10,||,1091234.38,||,0,449,running,||,53
0.620,0.520,0.520,||,2.020,1.136,95.455,1.389,0,||,ubios-udapi-ser,2534,0.625,||,1641377792,206127104,167563264,150147072,2094596096,||,Suricata-Main,1941761,322494464.0,||,0,0,5,||,189,||,24832,13984,||,2024-01-01 11:32:09,||,1091354.03,||,0,447,running,||,53
0.210,0.400,0.470,||,2.897,1.889,92.317,2.897,0,||,kworker/u8:3-uext_wq,4173170,0.625,||,1603055616,203968512,208568320,169369600,2094596096,||,Suricata-Main,1941761,324288512.0,||,0,0,11,||,190,||,40528,29836,||,2024-01-01 11:34:10,||,1091474.50,||,0,447,running,||,52
0.850,0.580,0.520,||,1.010,1.263,97.727,0,0,||,kworker/u8:2-uext_wq,4189280,0.625,||,1626054656,179834880,209563648,144232448,2094596096,||,Suricata-Main,1941761,322490368.0,||,0,0,5,||,189,||,13840,6992,||,2024-01-01 11:36:10,||,1091594.67,||,0,447,running,||,53
